1sift
(1328, 747) 3channels
imread: 2.701
img1detected: 2319  time: 2.077
img2detected: 2349  time: 2.068
img1computed  time: 1.684
img2computed  time: 1.715
matches: 2319  time: 2.325
goodmatches: 144
incline: -0.075255
parallelmatches: 119
filtering end  time: 0.011

   52.1   52.2   52.2   52.2   52.2   53.2   53.2   53.2   53.2   53.2   53.2   53.2   54.1   54.1   54.2   55.1   55.2   57.2   57.2   58.2   58.2   58.2   59.2   68.1   68.1   68.3   68.3   69.1   69.1   69.1   69.1   69.2   69.3   69.3   71.1   71.1   71.2   71.2   71.2   72.2   72.2   72.2   72.2   72.2   72.2   72.2   72.3   73.2   73.2   73.2   73.3   73.3   73.3   73.3   73.3   73.3   73.3   73.3   73.3   74.2   75.2   75.2   75.2   76.1   76.2   76.2   81.3   81.4   82.4   83.3   86.5   87.3   89.5   89.5   92.4   92.4   94.4   95.4   96.3   96.3   96.5   97.3   98.1   98.2   98.2   98.2   99.2   99.2   99.2   99.2   99.2   99.2   99.2  100.2  100.2  100.2  100.2  100.2  100.2  101.2  101.2  101.2  101.2  101.2  101.2  102.2  102.2  102.2  102.2  102.2  102.2  102.2  103.2  103.2  104.2  104.2  105.2  105.2  147.6계속하려면 아무 키나 누르십시오 . . .

1surf
(1328, 747) 3channels
imread: 2.748
img1detected: 6357  time: 1.489
img2detected: 6317  time: 1.411
img1computed  time: 5.372
img2computed  time: 5.127
matches: 6357  time: 5.742
goodmatches: 397
incline: -0.083040
parallelmatches: 183
filtering end  time: 0.029

   30.1   53.2   54.2   55.1   57.1   57.2   59.2   59.2   59.2   59.3   61.3   61.3   61.3   62.3   62.3   62.3   64.2   64.3   64.3   65.1   65.3   65.3   66.1   66.1   66.1   66.3   66.3   67.2   68.1   68.1   68.1   68.1   68.1   68.1   68.1   68.2   68.2   68.3   68.4   69.1   69.1   69.1   69.2   69.2   69.3   69.4   70.1   70.1   70.1   70.1   70.1   70.1   70.3   71.1   71.1   71.1   71.1   71.1   71.1   71.2   71.2   71.3   71.3   72.1   72.1   72.1   72.1   72.2   72.2   72.2   72.2   72.2   72.2   72.2   73.1   73.1   73.1   73.2   73.2   73.2   73.2   73.2   73.2   73.3   73.4   73.4   73.4   73.4   74.1   74.2   74.2   75.1   75.1   75.2   75.2   75.2   75.2   75.2   75.2   75.3   76.2   76.2   76.2   80.2   80.2   88.3   89.4   89.6   90.3   90.4   90.6   92.5   92.5   92.5   93.3   93.3   93.5   94.3   94.3   94.3   94.3   94.3   94.5   95.3   95.3   95.3   95.3   95.4   96.3   96.5   96.5   97.3   98.2   98.2   98.4   98.6  100.6  101.3  101.6  102.4  103.6  109.7  110.7  111.6  112.6  112.6  116.3  116.6  116.6  118.6  120.6  121.5  121.6  123.3  123.3  125.3  126.3  131.7  134.7  137.7  139.7  142.7  144.7  150.7  150.7  155.6  156.6  157.6  165.9  166.9  167.7  178.7  181.7  186.7  187.8  188.8  193.7  193.7  194.7  218.8  226.7  256.7  293.8계속하려면 아무 키나 누르십시오 . . .

2sift
(1328, 747) 3channels
imread: 2.655
img1detected: 2604  time: 2.192
img2detected: 2500  time: 2.140
img1computed  time: 1.774
img2computed  time: 1.723
matches: 2604  time: 2.633
goodmatches: 162
incline: -0.020034
parallelmatches: 131
filtering end  time: 0.013

   30.0   32.0   32.0   33.0   36.0   39.0   41.0   51.0   72.0   72.0   74.0   74.0   75.0   75.1   78.0   78.0   78.0   78.0   78.0   79.0   81.0   82.1   86.0  101.0  101.0  102.0  102.0  102.0  102.0  102.0  102.0  102.0  103.0  103.0  103.0  104.0  104.0  104.0  104.0  104.0  104.0  104.0  104.0  104.0  104.0  104.0  104.0  104.0  104.0  104.0  104.0  104.0  104.0  104.0  104.0  104.0  105.0  105.0  105.0  105.0  105.0  105.0  105.0  105.0  106.0  106.0  106.0  106.0  106.0  106.0  106.0  106.0  106.0  106.0  106.0  107.0  107.0  108.0  108.0  108.0  108.0  108.1  108.1  109.1  111.1  130.1  144.0  160.1  175.0  175.1  175.1  175.1  176.1  176.1  176.1  177.0  177.0  177.1  177.1  177.1  177.1  177.1  177.1  178.0  179.0  179.1  179.1  179.1  180.0  180.0  180.0  180.0  180.0  181.0  181.0  181.0  182.0  182.0  182.0  182.0  183.0  183.0  183.0  183.0  183.0  185.0  186.0  186.0  187.0  221.2  536.6계속하려면 아무 키나 누르십시오 . . .

2surf
(1328, 747) 3channels
imread: 2.837
img1detected: 6424  time: 1.536
img2detected: 6434  time: 1.548
img1computed  time: 6.295
img2computed  time: 5.939
matches: 6424  time: 6.159
goodmatches: 401
incline: 0.006581
parallelmatches: 227
filtering end  time: 0.031

    7.0   18.0   29.0   29.0   30.0   31.0   34.0   44.0   45.0   46.0   46.0   47.0   47.0   49.0   49.0   50.0   50.0   50.0   50.0   51.0   51.0   52.0   52.0   53.0   53.0   53.0   53.0   54.0   54.0   54.0   56.0   56.0   57.0   57.0   58.0   64.0   66.0   66.0   67.0   67.0   69.0   71.0   71.0   71.0   72.0   72.0   75.0   76.0   76.0   77.0   77.0   77.0   78.0   78.0   78.0   79.0   79.0   79.0   79.0   79.0   79.0   80.0   80.0   80.0   81.0   84.0   86.0   86.0   86.0   87.0   87.0   87.0   87.0   89.0   89.0   90.0   91.0   91.0   91.0   92.0   93.0   93.0   93.0   93.0   93.0   93.0   94.0   95.0   95.0   96.0   97.0   98.0   98.0   98.0   98.0   99.0   99.0  100.0  100.0  100.0  100.0  101.0  101.0  101.0  101.0  101.0  102.0  102.0  102.0  102.0  102.0  102.0  102.0  102.0  103.0  103.0  103.0  103.0  103.0  103.0  103.0  103.0  103.0  103.0  103.0  103.0  103.0  103.0  104.0  104.0  104.0  104.0  104.0  104.0  104.0  104.0  104.0  104.0  104.0  104.0  104.0  104.0  104.0  104.0  104.0  104.0  104.0  104.0  104.0  104.0  104.0  104.0  104.0  105.0  105.0  105.0  105.0  105.0  105.0  105.0  105.0  105.0  105.0  105.0  105.0  106.0  106.0  106.0  106.0  106.0  106.0  106.0  106.0  106.0  106.0  106.0  106.0  106.0  106.0  106.0  106.0  106.0  106.0  106.0  106.0  106.0  106.0  107.0  107.0  107.0  107.0  107.0  108.0  108.0  109.0  109.0  110.0  110.0  110.0  111.0  112.0  112.0  113.0  115.0  116.0  117.0  117.0  119.0  121.0  123.0  123.0  148.0  152.0  154.0  157.0  167.0  174.0  178.0  179.0  181.0  182.0  184.0  184.0  186.0  186.0  187.0  187.0계속하려면 아무 키나 누르십시오 . . .

3sift
(1328, 747) 3channels
imread: 2.645
img1detected: 667  time: 1.813
img2detected: 910  time: 1.822
img1computed  time: 1.205
img2computed  time: 1.268
matches: 667  time: 0.709
goodmatches: 166
incline: 0.292101
parallelmatches: 6
filtering end  time: 0.004

  101.4  275.8  280.5  437.1  476.9  973.1계속하려면 아무 키나 누르십시오 . . . 

3surf
(1328, 747) 3channels
imread: 2.936
img1detected: 2832  time: 1.154
img2detected: 3740  time: 1.213
img1computed  time: 3.275
img2computed  time: 4.831
matches: 2832  time: 4.410
goodmatches: 177
incline: 0.036318
parallelmatches: 53
filtering end  time: 0.011

   55.0   67.0   69.1   73.1   74.0   74.1   75.0   76.1   76.1   76.2   77.1   81.1   83.0   83.0   84.0   84.0   84.1   85.1   90.0   90.0   90.1   90.1   91.0   91.0   92.1   93.1   94.0   95.1   95.1   97.0   97.1   97.1   98.0   98.0   98.0   99.0   99.2  101.1  104.1  104.1  104.1  104.2  106.0  109.1  110.0  110.1  111.0  114.1  117.0  117.0  119.0  125.0  474.2계속하려면 아무 키나 누르십시오 . . .

4sift
(1328, 747) 3channels
imread: 2.703
img1detected: 1077  time: 1.920
img2detected: 1063  time: 1.875
img1computed  time: 1.345
img2computed  time: 1.329
matches: 1077  time: 1.093
goodmatches: 134
incline: 0.091157
parallelmatches: 35
filtering end  time: 0.005

   59.2   61.1   61.1   62.1   63.2   64.2   65.2   66.2   68.5   69.3   70.2   72.2   72.2   73.4   74.3   74.4   75.3   76.2   76.2   76.3   76.3   76.3   76.4   76.4   78.4   79.4   79.5   81.4   86.5   86.6   87.6   90.6   91.5   96.6  107.2계속하려면 아무 키나 누르십시오 . . .

4surf
(1328, 747) 3channels
imread: 2.821
img1detected: 4496  time: 1.360
img2detected: 4620  time: 1.271
img1computed  time: 4.305
img2computed  time: 4.464
matches: 4496  time: 5.058
goodmatches: 562
incline: 0.148515
parallelmatches: 36
filtering end  time: 0.027

   19.2   34.5   50.5   57.4   57.4   62.6   64.5   65.5   66.5   74.0   75.0   76.8   77.8   80.6   80.8   80.8   81.7   82.9   83.6   83.9   86.0   86.7   87.1   88.0   93.1   94.0   98.7  101.0  527.1  527.9 1025.3 1025.3 1034.5 1036.4 1041.5 1060.6계속하려면 아무 키나 누르십시오 . . .

5sift
(1328, 747) 3channels
imread: 3.688
img1detected: 1516  time: 3.074
img2detected: 1585  time: 2.964
img1computed  time: 2.001
img2computed  time: 1.999
matches: 1516  time: 2.426
goodmatches: 189
incline: 0.246360
parallelmatches: 11
filtering end  time: 0.011

   76.2   79.6   82.0   83.0   83.2   83.2   94.8   96.0  107.7  108.4  108.4계 속하려면 아무 키나 누르십시오 . . .

5sift-
(1328, 747) 3channels
imread: 3.675
img1detected: 1516  time: 2.841
img2detected: 1585  time: 2.804
img1computed  time: 1.758
img2computed  time: 1.851
matches: 1516  time: 2.444
goodmatches: 252
incline: 0.246360
parallelmatches: 21
filtering end  time: 0.010

   74.7   75.9   76.2   76.2   79.6   79.6   81.5   81.5   82.0   83.0   83.0   83.2   83.2   91.2   94.8   96.0   96.0   98.5  107.7  108.4  108.4계속하려면 아무 키나 누르십시오 . . .

5surf
(1328, 747) 3channels
imread: 3.331
img1detected: 6257  time: 1.647
img2detected: 6076  time: 1.634
img1computed  time: 5.304
img2computed  time: 5.232
matches: 6257  time: 7.540
goodmatches: 391
incline: 0.123212
parallelmatches: 23
filtering end  time: 0.036

   68.6   70.6   78.6   85.6   85.6   91.8   91.8   92.7   93.6   96.7  100.7  103.8  104.7  105.7  105.7  105.8  105.8  106.9  118.0  118.0  118.0  130.1  143.1계속하려면 아무 키나 누르십시오 . . .